a= [-1 1; 3 4]

a =

    -1     1
     3     4

 b=[2 15]

b =

     2    15

elim(a,b,0)

ans =

     1     3

diary off
