x0= [1994 1995 1996 1997 1998 1999 2000 2001 2002 2003]

x0 =

  Columns 1 through 4

        1994        1995        1996        1997

  Columns 5 through 8

        1998        1999        2000        2001

  Columns 9 through 10

        2002        2003

y0= [67.052 68.008 69.803 72.024 73.400 72.063 74.669 74.487 74.065 76.777];
y0=y0*10^6;
x=0:0.1:9;
c=newtdd(x0,y0,10);
nest(9,c,2010,x)

ans =

    -3.922629667567186e+32

nest(9,c,2010,x0)

ans =

    -1.951646134000000e+12

splineplot(x0,y0,"o",x,y)
{Error using <a href="matlab:matlab.internal.language.introspective.errorDocCallback('splineplot')" style="font-weight:bold">splineplot</a>
Too many input arguments.
} 
plot(x0,y0,'o',x,y)
{Error using <a href="matlab:matlab.internal.language.introspective.errorDocCallback('plot')" style="font-weight:bold">plot</a>
Vectors must be the same length.
} 
plot(x0,y0,'o',x,y);
{Error using <a href="matlab:matlab.internal.language.introspective.errorDocCallback('plot')" style="font-weight:bold">plot</a>
Vectors must be the same length.
} 
clc
diary 3.2
x0= [1994 1995 1996 1997 1998 1999 2000 2001 2002 2003];
clc
diary 3.2
x0= [1994 1995 1996 1997 1998 1999 2000 2001 2002 2003]

x0 =

  Columns 1 through 5

        1994        1995        1996        1997        1998

  Columns 6 through 10

        1999        2000        2001        2002        2003

y0= [67.052 68.008 69.803 72.024 73.400 72.063 74.669 74.487 74.065 76.777]

y0 =

  Columns 1 through 2

  67.052000000000007  68.007999999999996

  Columns 3 through 4

  69.802999999999997  72.024000000000001

  Columns 5 through 6

  73.400000000000006  72.063000000000002

  Columns 7 through 8

  74.668999999999997  74.486999999999995

  Columns 9 through 10

  74.064999999999998  76.777000000000001

y0=y0*10^6

y0 =

   1.0e+07 *

  Columns 1 through 2

   6.705200000000000   6.800800000000000

  Columns 3 through 4

   6.980300000000000   7.202400000000000

  Columns 5 through 6

   7.340000000000000   7.206300000000000

  Columns 7 through 8

   7.466900000000000   7.448700000000000

  Columns 9 through 10

   7.406500000000000   7.677700000000000

 c=newtdd(x0,y0,10)

c =

   1.0e+07 *

  Columns 1 through 2

   6.705200000000000   0.095599999999999

  Columns 3 through 4

   0.041950000000000  -0.006883333333333

  Columns 5 through 6

  -0.003575000000000   0.000217500000000

  Columns 7 through 8

   0.001230555555556  -0.000791507936508

  Columns 9 through 10

   0.000286460813492  -0.000073524581129

 c=newtdd(x0,y0,10)

c =

   1.0e+07 *

  Columns 1 through 2

   6.705200000000000   0.095599999999999

  Columns 3 through 4

   0.041950000000000  -0.006883333333333

  Columns 5 through 6

  -0.003575000000000   0.000217500000000

  Columns 7 through 8

   0.001230555555556  -0.000791507936508

  Columns 9 through 10

   0.000286460813492  -0.000073524581129

c=newtdd(x0,y0,10)

c =

   1.0e+07 *

  Columns 1 through 2

   6.705200000000000   0.095599999999999

  Columns 3 through 4

   0.041950000000000  -0.006883333333333

  Columns 5 through 6

  -0.003575000000000   0.000217500000000

  Columns 7 through 8

   0.001230555555556  -0.000791507936508

  Columns 9 through 10

   0.000286460813492  -0.000073524581129

 x=0:0.1:9

x =

  Columns 1 through 2

                   0   0.100000000000000

  Columns 3 through 4

   0.200000000000000   0.300000000000000

  Columns 5 through 6

   0.400000000000000   0.500000000000000

  Columns 7 through 8

   0.600000000000000   0.700000000000000

  Columns 9 through 10

   0.800000000000000   0.900000000000000

  Columns 11 through 12

   1.000000000000000   1.100000000000000

  Columns 13 through 14

   1.200000000000000   1.300000000000000

  Columns 15 through 16

   1.400000000000000   1.500000000000000

  Columns 17 through 18

   1.600000000000000   1.700000000000000

  Columns 19 through 20

   1.800000000000000   1.900000000000000

  Columns 21 through 22

   2.000000000000000   2.100000000000000

  Columns 23 through 24

   2.200000000000000   2.300000000000000

  Columns 25 through 26

   2.400000000000000   2.500000000000000

  Columns 27 through 28

   2.600000000000000   2.700000000000000

  Columns 29 through 30

   2.800000000000000   2.900000000000000

  Columns 31 through 32

   3.000000000000000   3.100000000000000

  Columns 33 through 34

   3.200000000000000   3.300000000000000

  Columns 35 through 36

   3.400000000000000   3.500000000000000

  Columns 37 through 38

   3.600000000000000   3.700000000000000

  Columns 39 through 40

   3.800000000000000   3.900000000000000

  Columns 41 through 42

   4.000000000000000   4.100000000000001

  Columns 43 through 44

   4.200000000000000   4.300000000000000

  Columns 45 through 46

   4.400000000000000   4.500000000000000

  Columns 47 through 48

   4.600000000000000   4.700000000000000

  Columns 49 through 50

   4.800000000000000   4.899999999999999

  Columns 51 through 52

   5.000000000000000   5.100000000000000

  Columns 53 through 54

   5.199999999999999   5.300000000000000

  Columns 55 through 56

   5.400000000000000   5.500000000000000

  Columns 57 through 58

   5.600000000000000   5.699999999999999

  Columns 59 through 60

   5.800000000000000   5.900000000000000

  Columns 61 through 62

   6.000000000000000   6.100000000000000

  Columns 63 through 64

   6.199999999999999   6.300000000000000

  Columns 65 through 66

   6.400000000000000   6.500000000000000

  Columns 67 through 68

   6.600000000000000   6.699999999999999

  Columns 69 through 70

   6.800000000000000   6.900000000000000

  Columns 71 through 72

   7.000000000000000   7.100000000000000

  Columns 73 through 74

   7.200000000000000   7.300000000000000

  Columns 75 through 76

   7.400000000000000   7.500000000000000

  Columns 77 through 78

   7.600000000000000   7.700000000000000

  Columns 79 through 80

   7.800000000000000   7.900000000000000

  Columns 81 through 82

   8.000000000000000   8.100000000000000

  Columns 83 through 84

   8.199999999999999   8.300000000000001

  Columns 85 through 86

   8.400000000000000   8.500000000000000

  Columns 87 through 88

   8.600000000000000   8.699999999999999

  Columns 89 through 90

   8.800000000000001   8.900000000000000

  Column 91

   9.000000000000000

 nest(9,c,2010,x0);
plot(x0,y0,'o',x,y)
{Error using <a href="matlab:matlab.internal.language.introspective.errorDocCallback('plot')" style="font-weight:bold">plot</a>
Vectors must be the same length.
} 
CP3_2

x0 =

  Columns 1 through 4

        1994        1995        1996        1997

  Columns 5 through 8

        1998        1999        2000        2001

  Columns 9 through 10

        2002        2003


y0 =

  Columns 1 through 2

  67.052000000000007  68.007999999999996

  Columns 3 through 4

  69.802999999999997  72.024000000000001

  Columns 5 through 6

  73.400000000000006  72.063000000000002

  Columns 7 through 8

  74.668999999999997  74.486999999999995

  Columns 9 through 10

  74.064999999999998  76.777000000000001


c =

   1.0e+07 *

  Columns 1 through 2

   6.705200000000000   0.095599999999999

  Columns 3 through 4

   0.041950000000000  -0.006883333333333

  Columns 5 through 6

  -0.003575000000000   0.000217500000000

  Columns 7 through 8

   0.001230555555556  -0.000791507936508

  Columns 9 through 10

   0.000286460813492  -0.000073524581129


x =

  Columns 1 through 2

                   0   0.100000000000000

  Columns 3 through 4

   0.200000000000000   0.300000000000000

  Columns 5 through 6

   0.400000000000000   0.500000000000000

  Columns 7 through 8

   0.600000000000000   0.700000000000000

  Columns 9 through 10

   0.800000000000000   0.900000000000000

  Columns 11 through 12

   1.000000000000000   1.100000000000000

  Columns 13 through 14

   1.200000000000000   1.300000000000000

  Columns 15 through 16

   1.400000000000000   1.500000000000000

  Columns 17 through 18

   1.600000000000000   1.700000000000000

