x0= [0 1 2 3 4];
y0= [1 3 3 4 2];
splineplot(x0,y0,5)

ans =

                   0
   0.200000000000000
   0.400000000000000
   0.600000000000000
   0.800000000000000
   1.000000000000000
   1.200000000000000
   1.400000000000000
   1.600000000000000
   1.800000000000000
   2.000000000000000
   2.200000000000000
   2.400000000000000
   2.600000000000000
   2.800000000000000
   3.000000000000000
   3.200000000000000
   3.400000000000000
   3.600000000000000
   3.800000000000000
   4.000000000000000

diary off
