x0=[0 1 2 3 ];
y0=[3 5 4 1];
splineplot(x0,y0,4)

ans =

                   0
   0.250000000000000
   0.500000000000000
   0.750000000000000
   1.000000000000000
   1.250000000000000
   1.500000000000000
   1.750000000000000
   2.000000000000000
   2.250000000000000
   2.500000000000000
   2.750000000000000
   3.000000000000000

diary off
