g= @(x) 1-x^5

g =

  <a href="matlab:helpPopup function_handle" style="font-weight:bold">function_handle</a> with value:

    @(x)1-x^5

fpi_class(g,0,1e-5,20)

iter               x               g(x)       succ error   absolute error   error ratio 
-------------------------------  ------------- -----------  -------------- -------------
     0         0.00000000E+00 1.000000000E+00   1.0000E+00     7.548777E-0112      1         1.00000000E+00  0.000000E+00  1.000000E+00  2.451223E-01   3.247180E-01 
     2         0.00000000E+00  1.000000E+00  1.000000E+00  7.548777E-01   3.079596E+00 
     3         1.00000000E+00  0.000000E+00  1.000000E+00  2.451223E-01   3.247180E-01 
     4         0.00000000E+00  1.000000E+00  1.000000E+00  7.548777E-01   3.079596E+00 
     5         1.00000000E+00  0.000000E+00  1.000000E+00  2.451223E-01   3.247180E-01 
     6         0.00000000E+00  1.000000E+00  1.000000E+00  7.548777E-01   3.079596E+00 
     7         1.00000000E+00  0.000000E+00  1.000000E+00  2.451223E-01   3.247180E-01 
     8         0.00000000E+00  1.000000E+00  1.000000E+00  7.548777E-01   3.079596E+00 
     9         1.00000000E+00  0.000000E+00  1.000000E+00  2.451223E-01   3.247180E-01 
    10         0.00000000E+00  1.000000E+00  1.000000E+00  7.548777E-01   3.079596E+00 
    11         1.00000000E+00  0.000000E+00  1.000000E+00  2.451223E-01   3.247180E-01 
    12         0.00000000E+00  1.000000E+00  1.000000E+00  7.548777E-01   3.079596E+00 
    13         1.00000000E+00  0.000000E+00  1.000000E+00  2.451223E-01   3.247180E-01 
    14         0.00000000E+00  1.000000E+00  1.000000E+00  7.548777E-01   3.079596E+00 
    15         1.00000000E+00  0.000000E+00  1.000000E+00  2.451223E-01   3.247180E-01 
    16         0.00000000E+00  1.000000E+00  1.000000E+00  7.548777E-01   3.079596E+00 
    17         1.00000000E+00  0.000000E+00  1.000000E+00  2.451223E-01   3.247180E-01 
    18         0.00000000E+00  1.000000E+00  1.000000E+00  7.548777E-01   3.079596E+00 
    19         1.00000000E+00  0.000000E+00  1.000000E+00  2.451223E-01   3.247180E-01 
    20         0.00000000E+00  1.000000E+00  1.000000E+00  7.548777E-01   3.079596E+00 
    21         1.00000000E+00  0.000000E+00  1.000000E+00  2.451223E-01   3.247180E-01 
Method failed to converge
g = @(x) (sin(x)-5)/6 

g =

  <a href="matlab:helpPopup function_handle" style="font-weight:bold">function_handle</a> with value:

    @(x)(sin(x)-5)/6

fpi_class(g,0,1e-5,20)

iter               x               g(x)       succ error   absolute error   error ratio 
-------------------------------  ------------- -----------  -------------- -------------
     0         0.00000000E+00 -8.333333333E-01   8.3333E-01     9.708989E-0112      1        -8.33333333E-01 -9.566961E-01  8.333333E-01  1.375656E-01   1.416889E-01 
     2        -9.56696142E-01 -9.695487E-01  1.233628E-01  1.420278E-02   1.032437E-01 
     3        -9.69548712E-01 -9.707718E-01  1.285257E-02  1.350211E-03   9.506669E-02 
     4        -9.70771753E-01 -9.708870E-01  1.223041E-03  1.271708E-04   9.418581E-02 
     5        -9.70886957E-01 -9.708978E-01  1.152038E-04  1.196699E-05   9.410171E-02 
     6        -9.70897797E-01 -9.708988E-01  1.084097E-05  1.126019E-06   9.409379E-02 
     7        -9.70898818E-01 -9.708989E-01  1.020068E-06  1.059506E-07   9.409304E-02 
g = @(x) (3-exp(x))^1/2

g =

  <a href="matlab:helpPopup function_handle" style="font-weight:bold">function_handle</a> with value:

    @(x)(3-exp(x))^1/2

fpi_class(g,0,1e-5,20)

iter               x               g(x)       succ error   absolute error   error ratio 
-------------------------------  ------------- -----------  -------------- -------------
     0         0.00000000E+00 1.000000000E+00   1.0000E+00     5.942050E-0112      1         1.00000000E+00  1.408591E-01  1.000000E+00  4.057950E-01   6.829210E-01 
     2         1.40859086E-01  9.243688E-01  8.591409E-01  4.533459E-01   1.117179E+00 
     3         9.24368796E-01  2.398615E-01  7.835097E-01  3.301638E-01   7.282824E-01 
     4         2.39861525E-01  8.644634E-01  6.845073E-01  3.543434E-01   1.073235E+00 
     5         8.64463437E-01  3.131340E-01  6.246019E-01  2.702585E-01   7.627021E-01 
     6         3.13133956E-01  8.161476E-01  5.513295E-01  2.810710E-01   1.040008E+00 
     7         8.16147634E-01  3.691151E-01  5.030137E-01  2.219427E-01   7.896321E-01 
     8         3.69115066E-01  7.767730E-01  4.470326E-01  2.250899E-01   1.014180E+00 
     9         7.76772984E-01  4.127780E-01  4.076579E-01  1.825680E-01   8.110894E-01 
    10         4.12778017E-01  7.444952E-01  3.639950E-01  1.814269E-01   9.937498E-01 
    11         7.44495215E-01  4.473108E-01  3.317172E-01  1.502903E-01   8.283789E-01 
    12         4.47310798E-01  7.179498E-01  2.971844E-01  1.468942E-01   9.774031E-01 
    13         7.17949828E-01  4.748872E-01  2.706390E-01  1.237449E-01   8.424084E-01 
    14         4.74887208E-01  6.960836E-01  2.430626E-01  1.193178E-01   9.642238E-01 
    15         6.96083582E-01  4.970593E-01  2.211964E-01  1.018786E-01   8.538430E-01 
    16         4.97059283E-01  6.780600E-01  1.990243E-01  9.714568E-02   9.535433E-01 
    17         6.78060015E-01  5.149739E-01  1.810007E-01  8.385506E-02   8.631888E-01 
    18         5.14973925E-01  6.632026E-01  1.630861E-01  7.923103E-02   9.448570E-01 
    19         6.63202569E-01  5.295007E-01  1.482286E-01  6.899761E-02   8.708407E-01 
    20         5.29500713E-01  6.509579E-01  1.337019E-01  6.470425E-02   9.377752E-01 
    21         6.50957867E-01  5.413117E-01  1.214572E-01  5.675291E-02   8.771126E-01 
Method failed to converge
diary off
clear
clc
diary CP1.2
g= @(x) 1-x^5

