f = @(x) log(x) + x^2 - 3

f =

  <a href="matlab:helpPopup function_handle" style="font-weight:bold">function_handle</a> with value:

    @(x)log(x)+x^2-3

fd= @(x) 1/x + 2*x

fd =

  <a href="matlab:helpPopup function_handle" style="font-weight:bold">function_handle</a> with value:

    @(x)1/x+2*x

newtons1(f,fd,1,20)

x =

     1


x =

   1.666666666666667


x =

   1.593292920511471


x =

   1.592143215454435


x =

   1.592142937058110


x =

   1.592142937058094


x =

   1.592142937058094


x =

   1.592142937058094


x =

   1.592142937058094


x =

   1.592142937058094


x =

   1.592142937058094


x =

   1.592142937058094


x =

   1.592142937058094


x =

   1.592142937058094


x =

   1.592142937058094


x =

   1.592142937058094


x =

   1.592142937058094


x =

   1.592142937058094


x =

   1.592142937058094


x =

   1.592142937058094


x =

   1.592142937058094

diary off
