f= @(x) exp(x)+ x -7;
secant1(f,0,1,10);

x =

   2.207276647028654


y =

   4.298201500123529


x =

   1.522689142134532


y =

  -0.892773752483643


x =

   1.640428435023816


y =

  -0.202192924368564


x =

   1.674900941315873


y =

   0.013167262559683


x =

   1.672793269754513


y =

    -1.798724045025679e-04


x =

   1.672821673749277


y =

    -1.574178494223588e-07


x =

   1.672821698629204


y =

     1.883826428183966e-12


x =

   1.672821698628907


y =

     0


x =

   1.672821698628907


y =

     0


x =

   NaN


y =

   NaN

%As show in result the singal solution in Exercise 1 is e^x+x-7= 1.67282169. 
diary off
