x = [0 1 2 3 4]

x =

     0     1     2     3     4

y= [1 3 3 4 2]

y =

     1     3     3     4     2

c = clampedsplinecoeff(x,y)

c =

   -2.0000    8.1429   -4.1429
    1.8571   -4.2857    2.4286
    0.5714    3.0000   -2.5714
   -1.1429   -4.7143    3.8571

[x1,y1]=clampedsplineplot(x,y,5)

x1 =

         0
    0.2000
    0.4000
    0.6000
    0.8000
    1.0000
    1.2000
    1.4000
    1.6000
    1.8000
    2.0000
    2.2000
    2.4000
    2.6000
    2.8000
    3.0000
    3.2000
    3.4000
    3.6000
    3.8000
    4.0000


y1 =

    1.0000
    0.8926
    1.2377
    1.8366
    2.4903
    3.0000
    3.2194
    3.2126
    3.0960
    2.9863
    3.0000
    3.2137
    3.5440
    3.8674
    4.0606
    4.0000
    3.6137
    3.0354
    2.4503
    2.0434
    2.0000

diary off
