x = [1970 1990]; y=[3707475887 5281653820];
c=newtdd(x,y,2);
nest(1,c,1980,x)

ans =

     4.494564853500000e+09

format long
ans

ans =

     4.494564853500000e+09

x = [1960 1970 1990]; y = [3039585530 3707475887 5281653820];
c=newtdd(x,y,3);
nest(2,c,1980,x)

ans =

     4.454831983666667e+09

 x=[1960 1970 1990 2000]; y=[3039585530 3707475887 5281653820 6079603571];
c=newtdd(x,y,4);
nest(3,c,1980,x)

ans =

     4.472888287833333e+09

diary off
