format long
f = @(x) (exp(sin(x).^3) + x.^6 - 2*x.^4 - x.^3 - 1)

f =

  <a href="matlab:helpPopup function_handle" style="font-weight:bold">function_handle</a> with value:

    @(x)(exp(sin(x).^3)+x.^6-2*x.^4-x.^3-1)

 x= linspace(-2,2);
plot(x, f(x))
grid
fd = @(x)(3*exp(sin(x).^3*sin(x).^2*cos(x))) + 6*x^5 - 8*x^3 - 3*x^2

fd =

  <a href="matlab:helpPopup function_handle" style="font-weight:bold">function_handle</a> with value:

    @(x)(3*exp(sin(x).^3*sin(x).^2*cos(x)))+6*x^5-8*x^3-3*x^2

newtons4(f,fd,2,15)

x =

     2


x =

   1.787680190777066


x =

   1.646003650866216


x =

   1.568400560389242


x =

   1.538780188815037


x =

   1.531638536877784


x =

   1.530374667368534


x =

   1.530171546411248


x =

   1.530139492594871


x =

   1.530134449294451


x =

   1.530133656161544


x =

   1.530133531438989


x =

   1.530133511826217


x =

   1.530133508742091


x =

   1.530133508257109


x =

   1.530133508180846

newtons4(f,fd,2,15)

x =

     2


x =

   1.787680190777066


x =

   1.646003650866216


x =

   1.568400560389242


x =

   1.538780188815037


x =

   1.531638536877784


x =

   1.530374667368534


x =

   1.530171546411248


x =

   1.530139492594871


x =

   1.530134449294451


x =

   1.530133656161544


x =

   1.530133531438989


x =

   1.530133511826217


x =

   1.530133508742091


x =

   1.530133508257109


x =

   1.530133508180846


ewtons4(f,fd,-1,15) 
{Unrecognized function or variable 'ewtons4'.
} 
newtons4(f,fd,-1,15) 

x =

    -1


x =

  -0.676707973769502


x =

  -0.600562414770783


x =

  -0.547399421819729


x =

  -0.507644008821466


x =

  -0.476516430524226


x =

  -0.451308312164038


x =

  -0.430358740525616


x =

  -0.412588340538257


x =

  -0.397263031049214


x =

  -0.383864800011850


x =

  -0.372016744184389


x =

  -0.361437459288118


x =

  -0.351912157438179


x =

  -0.343273743987561


x =

  -0.335390049842532

newtons4(f,fd,-1,20)

x =

    -1


x =

  -0.676707973769502


x =

  -0.600562414770783


x =

  -0.547399421819729


x =

  -0.507644008821466


x =

  -0.476516430524226


x =

  -0.451308312164038


x =

  -0.430358740525616


x =

  -0.412588340538257


x =

  -0.397263031049214


x =

  -0.383864800011850


x =

  -0.372016744184389


x =

  -0.361437459288118


x =

  -0.351912157438179


x =

  -0.343273743987561


x =

  -0.335390049842532


x =

  -0.328154993242494


x =

  -0.321482322014333


x =

  -0.315301093318836


x =

  -0.309552349601693


x =

  -0.304186634656919

newtons(f,fd,0.1,30)
{Unrecognized function or variable 'newtons'.
} 
newtons4(f,fd,0.1,30)

x =

   0.100000000000000


x =

   0.100068699472343


x =

   0.100137589721357


x =

   0.100206671678748


x =

   0.100275946282749


x =

   0.100345414478175


x =

   0.100415077216484


x =

   0.100484935455843


x =

   0.100554990161181


x =

   0.100625242304259


x =

   0.100695692863730


x =

   0.100766342825200


x =

   0.100837193181300


x =

   0.100908244931742


x =

   0.100979499083391


x =

   0.101050956650331


x =

   0.101122618653931


x =

   0.101194486122914


x =

   0.101266560093425


x =

   0.101338841609104


x =

   0.101411331721152


x =

   0.101484031488407


x =

   0.101556941977412


x =

   0.101630064262493


x =

   0.101703399425829


x =

   0.101776948557530


x =

   0.101850712755708


x =

   0.101924693126560


x =

   0.101998890784441


x =

   0.102073306851944


x =

   0.102147942459980

% f is twice continuously differentiable and f(1.5301)=0
%Since f'(1.5301) cant be 0. Newtons method is locally and quadraticlly convergent to 1.5301
% Since f'(-0.3095) cant be 0. Newton method is locally and quadratically convergent
%Since f'(0)=0 diff f'(x) and continue until non 0. Doing calucaltions it was able to get me f^4(0) not 0
%Meaning that the by the newtons method it is linearly convergent to 0 with a multi. of m=4
diary off
