
diary write.txt
nest(4, [1 -5 5 4 -3], 1/3)

ans =

     0

p = [ -3 4 5 -5 1]

p =

    -3     4     5    -5     1

polyval(p, 1/3)

ans =

     0

c= ones(100,1);
c(2:2:100)=-1

c =

     1
    -1
     1
    -1
     1
    -1
     1
    -1
     1
    -1
     1
    -1
     1
    -1
     1
    -1
     1
    -1
     1
    -1
     1
    -1
     1
    -1
     1
    -1
     1
    -1
     1
    -1
     1
    -1
     1
    -1
     1
    -1
     1
    -1
     1
    -1
     1
    -1
     1
    -1
     1
    -1
     1
    -1
     1
    -1
     1
    -1
     1
    -1
     1
    -1
     1
    -1
     1
    -1
     1
    -1
     1
    -1
     1
    -1
     1
    -1
     1
    -1
     1
    -1
     1
    -1
     1
    -1
     1
    -1
     1
    -1
     1
    -1
     1
    -1
     1
    -1
     1
    -1
     1
    -1
     1
    -1
     1
    -1
     1
    -1
     1
    -1
     1
    -1

nest(99,c, 1.00001)

ans =

  -5.0025e-04

diary off
